2.254275560379028320e+00
2.148226022720336914e+00
2.050712347030639648e+00
1.961326956748962402e+00
1.880138397216796875e+00
1.807554841041564941e+00
1.744114995002746582e+00
1.690260052680969238e+00
1.646118164062500000e+00
1.611333847045898438e+00
1.585000157356262207e+00
1.565754652023315430e+00
1.552003502845764160e+00
1.542159557342529297e+00
1.534810423851013184e+00
1.528796911239624023e+00
1.523222565650939941e+00
1.517431616783142090e+00
1.510974287986755371e+00
1.503569841384887695e+00
1.495070338249206543e+00
1.485424637794494629e+00
1.474646449089050293e+00
1.462787151336669922e+00
1.449913501739501953e+00
1.436093807220458984e+00
1.421385884284973145e+00
1.405832886695861816e+00
1.389460802078247070e+00
1.372280716896057129e+00
1.354292154312133789e+00
1.335489630699157715e+00
1.315869808197021484e+00
1.295442223548889160e+00
1.274238348007202148e+00
1.252317667007446289e+00
1.229775190353393555e+00
1.206744074821472168e+00
1.183387994766235352e+00
1.159891366958618164e+00
1.136440515518188477e+00
1.113194227218627930e+00
1.090255618095397949e+00
1.067638158798217773e+00
1.045251369476318359e+00
1.022908806800842285e+00
1.000376343727111816e+00
9.774529933929443359e-01
9.540619254112243652e-01
9.303078055381774902e-01
9.064714908599853516e-01
8.829357028007507324e-01
8.600749969482421875e-01
8.381493687629699707e-01
8.172549605369567871e-01
7.973275780677795410e-01
7.782052159309387207e-01
7.597048282623291016e-01
7.416992187500000000e-01
7.241693139076232910e-01
7.072157263755798340e-01
6.910444498062133789e-01
6.759011745452880859e-01
6.619961857795715332e-01
6.494252085685729980e-01
6.381269097328186035e-01
6.279360055923461914e-01
6.186758875846862793e-01
6.102834939956665039e-01
6.028383970260620117e-01
5.964919328689575195e-01
5.913676023483276367e-01
5.874578952789306641e-01
5.846268534660339355e-01
5.826680064201354980e-01
5.813906192779541016e-01
5.806501507759094238e-01
5.804041624069213867e-01
5.806270837783813477e-01
5.812698602676391602e-01
5.821989774703979492e-01
5.832502841949462891e-01
5.842494964599609375e-01
5.851002335548400879e-01
5.857613086700439453e-01
5.862427353858947754e-01
5.865857601165771484e-01
5.867663025856018066e-01
5.867624878883361816e-01
5.865598320960998535e-01
5.861524939537048340e-01
5.856151580810546875e-01
5.850262045860290527e-01
5.844010710716247559e-01
5.837896466255187988e-01
5.831943154335021973e-01
5.826232433319091797e-01
5.820868015289306641e-01
5.815981626510620117e-01
5.812046527862548828e-01
5.808846950531005859e-01
5.806539058685302734e-01
5.804806947708129883e-01
5.803588628768920898e-01
5.802778601646423340e-01
5.802353024482727051e-01
5.802354216575622559e-01
5.802549123764038086e-01
5.803034305572509766e-01
5.803567171096801758e-01
5.804036259651184082e-01
5.804445743560791016e-01
5.804841518402099609e-01
5.805184841156005859e-01
5.805467963218688965e-01
5.805596709251403809e-01
5.805604457855224609e-01
5.805572271347045898e-01
5.805437564849853516e-01
5.805168151855468750e-01
5.804876685142517090e-01
5.804602503776550293e-01
5.804328918457031250e-01
5.804011821746826172e-01
5.803657770156860352e-01
5.803326368331909180e-01
5.803105235099792480e-01
5.802861452102661133e-01
5.802659392356872559e-01
5.802499055862426758e-01
5.802398324012756348e-01
5.802285671234130859e-01
5.802224278450012207e-01
5.802272558212280273e-01
5.802250504493713379e-01
5.802236199378967285e-01
5.802230834960937500e-01
5.802270174026489258e-01
5.802279114723205566e-01
5.802357792854309082e-01
5.802334547042846680e-01
5.802373290061950684e-01
5.802364349365234375e-01
5.802399516105651855e-01
5.802475214004516602e-01
5.802376866340637207e-01
5.802398920059204102e-01
5.802421569824218750e-01
5.802330374717712402e-01
5.802381038665771484e-01
5.802261233329772949e-01
5.802336335182189941e-01
5.802301764488220215e-01
5.802231431007385254e-01
5.802211761474609375e-01
5.802248716354370117e-01
5.802181363105773926e-01
5.802242159843444824e-01
5.802213549613952637e-01
5.802199244499206543e-01
5.802195072174072266e-01
5.802152156829833984e-01
5.802212357521057129e-01
5.802233219146728516e-01
5.802173614501953125e-01
5.802202820777893066e-01
5.802238583564758301e-01
5.802246332168579102e-01
5.802206397056579590e-01
5.802260041236877441e-01
5.802175998687744141e-01
5.802180767059326172e-01
5.802220106124877930e-01
5.802220106124877930e-01
5.802186727523803711e-01
5.802267789840698242e-01
5.802201628684997559e-01
5.802189111709594727e-01
5.802266597747802734e-01
5.802221894264221191e-01
5.802237987518310547e-01
5.802200436592102051e-01
5.802183151245117188e-01
5.802219510078430176e-01
5.802171230316162109e-01
5.802251100540161133e-01
5.802248716354370117e-01
5.802212953567504883e-01
5.802221894264221191e-01
5.802208781242370605e-01
5.802247524261474609e-01
5.802247524261474609e-01
5.802248120307922363e-01
5.802211165428161621e-01
5.802187323570251465e-01
5.802229642868041992e-01
5.802172422409057617e-01
5.802238583564758301e-01
5.802135467529296875e-01
5.802209377288818359e-01
5.802181959152221680e-01
5.802168250083923340e-01
5.802229642868041992e-01
5.802214145660400391e-01
5.802183747291564941e-01
5.802210569381713867e-01
5.802199840545654297e-01
5.802236199378967285e-01
5.802180171012878418e-01
5.802207589149475098e-01
5.802165865898132324e-01
5.802219510078430176e-01
5.802242755889892578e-01
5.802230238914489746e-01
5.802143812179565430e-01
5.802167057991027832e-01
5.802149176597595215e-01
5.802217125892639160e-01
5.802156925201416016e-01
5.802159905433654785e-01
5.802198052406311035e-01
5.802239775657653809e-01
5.802246332168579102e-01
5.802243351936340332e-01
5.802217125892639160e-01
5.802184343338012695e-01
5.802221894264221191e-01
5.802180171012878418e-01
5.802248716354370117e-01
5.802201032638549805e-01
5.802208781242370605e-01
5.802190303802490234e-01
5.802221894264221191e-01
5.802237391471862793e-01
5.802206397056579590e-01
5.802167654037475586e-01
5.802234411239624023e-01
5.802236795425415039e-01
5.802200436592102051e-01
5.802230238914489746e-01
5.802204012870788574e-01
5.802186131477355957e-01
5.802202224731445312e-01
5.802211761474609375e-01
5.802249908447265625e-01
5.802209377288818359e-01
5.802225470542907715e-01
5.802159905433654785e-01
5.802184939384460449e-01
5.802225470542907715e-01
5.802191495895385742e-01
5.802185535430908203e-01
5.802218914031982422e-01
5.802245736122131348e-01
5.802214145660400391e-01
5.802195072174072266e-01
5.802157521247863770e-01
5.802246928215026855e-01
5.802223682403564453e-01
5.802232027053833008e-01
5.802246332168579102e-01
5.802214145660400391e-01
5.802209377288818359e-01
5.802236199378967285e-01
5.802180767059326172e-01
5.802174806594848633e-01
5.802249312400817871e-01
5.802217125892639160e-01
5.802243351936340332e-01
5.802220702171325684e-01
5.802247524261474609e-01
5.802247524261474609e-01
5.802161097526550293e-01
5.802237391471862793e-01
5.802210569381713867e-01
5.802173018455505371e-01
5.802177190780639648e-01
5.802183747291564941e-01
5.802232623100280762e-01
5.802211761474609375e-01
5.802258849143981934e-01
5.802167057991027832e-01
5.802167057991027832e-01
5.802211761474609375e-01
5.802230834960937500e-01
5.802177190780639648e-01
5.802236199378967285e-01
5.802213549613952637e-01
5.802220702171325684e-01
5.802255272865295410e-01
5.802187323570251465e-01
5.802182555198669434e-01
5.802155137062072754e-01
5.802200436592102051e-01
5.802247524261474609e-01
5.802213549613952637e-01
5.802229046821594238e-01
5.802175998687744141e-01
5.802224278450012207e-01
5.802198052406311035e-01
5.802170634269714355e-01
5.802196860313415527e-01
5.802215933799743652e-01
5.802237987518310547e-01
5.802239775657653809e-01
5.802218317985534668e-01
5.802204012870788574e-01
5.802198052406311035e-01
5.802223682403564453e-01
5.802247524261474609e-01
5.802225470542907715e-01
5.802208781242370605e-01
5.802232027053833008e-01
5.802226662635803223e-01
5.802201628684997559e-01
5.802215337753295898e-01
5.802226662635803223e-01
5.802240967750549316e-01
5.802204012870788574e-01
5.802187323570251465e-01
5.802246332168579102e-01
5.802196860313415527e-01
5.802232027053833008e-01
5.802215933799743652e-01
5.802225470542907715e-01
5.802204012870788574e-01
5.802195072174072266e-01
5.802153944969177246e-01
5.802232027053833008e-01
5.802227258682250977e-01
5.802185535430908203e-01
5.802238583564758301e-01
5.802250504493713379e-01
5.802158713340759277e-01
5.802205204963684082e-01
5.802230238914489746e-01
5.802201628684997559e-01
5.802178978919982910e-01
5.802204608917236328e-01
5.802219510078430176e-01
5.802218317985534668e-01
5.802202820777893066e-01
5.802155733108520508e-01
5.802210569381713867e-01
5.802205204963684082e-01
5.802191495895385742e-01
5.802201628684997559e-01
5.802184939384460449e-01
5.802247524261474609e-01
5.802164077758789062e-01
5.802221298217773438e-01
5.802253484725952148e-01
5.802224874496459961e-01
5.802280306816101074e-01
5.802205204963684082e-01
5.802183747291564941e-01
5.802199244499206543e-01
5.802208781242370605e-01
5.802206397056579590e-01
5.802230834960937500e-01
5.802225470542907715e-01
5.802203416824340820e-01
5.802200436592102051e-01
5.802202820777893066e-01
5.802154541015625000e-01
5.802232027053833008e-01
5.802183151245117188e-01
5.802230834960937500e-01
5.802171230316162109e-01
5.802206397056579590e-01
5.802174806594848633e-01
5.802185535430908203e-01
5.802198052406311035e-01
5.802191495895385742e-01
5.802234411239624023e-01
5.802171230316162109e-01
5.802167057991027832e-01
5.802212953567504883e-01
5.802201032638549805e-01
5.802196264266967773e-01
5.802210569381713867e-01
5.802156329154968262e-01
5.802190303802490234e-01
5.802201628684997559e-01
5.802215337753295898e-01
5.802210569381713867e-01
5.802175998687744141e-01
5.802180171012878418e-01
5.802193880081176758e-01
5.802203416824340820e-01
5.802191495895385742e-01
5.802207589149475098e-01
5.802189707756042480e-01
5.802210569381713867e-01
5.802191495895385742e-01
5.802161693572998047e-01
5.802200436592102051e-01
5.802198052406311035e-01
5.802194476127624512e-01
5.802184939384460449e-01
5.802220702171325684e-01
5.802198052406311035e-01
5.802175998687744141e-01
5.802202820777893066e-01
5.802160501480102539e-01
5.802209377288818359e-01
5.802189707756042480e-01
5.802221894264221191e-01
5.802201628684997559e-01
5.802192687988281250e-01
5.802202820777893066e-01
5.802236199378967285e-01
5.802233219146728516e-01
5.802205204963684082e-01
5.802201032638549805e-01
5.802221894264221191e-01
5.802195072174072266e-01
5.802181363105773926e-01
5.802221894264221191e-01
5.802249312400817871e-01
5.802191495895385742e-01
5.802214741706848145e-01
5.802202820777893066e-01
5.802249312400817871e-01
5.802218317985534668e-01
5.802183747291564941e-01
5.802282691001892090e-01
5.802164673805236816e-01
5.802201628684997559e-01
5.802227258682250977e-01
5.802229046821594238e-01
5.802223086357116699e-01
5.802226662635803223e-01
5.802219510078430176e-01
5.802210569381713867e-01
5.802224278450012207e-01
5.802229046821594238e-01
5.802221894264221191e-01
5.802210569381713867e-01
5.802214145660400391e-01
5.802206397056579590e-01
5.802199244499206543e-01
5.802219510078430176e-01
5.802217125892639160e-01
5.802219510078430176e-01
5.802218317985534668e-01
5.802224278450012207e-01
5.802224278450012207e-01
5.802227258682250977e-01
5.802204012870788574e-01
5.802184939384460449e-01
5.802165269851684570e-01
5.802193284034729004e-01
5.802198052406311035e-01
5.802192091941833496e-01
5.802209377288818359e-01
5.802249908447265625e-01
5.802234411239624023e-01
5.802180767059326172e-01
5.802233219146728516e-01
5.802183747291564941e-01
5.802178978919982910e-01
5.802232623100280762e-01
5.802190899848937988e-01
5.802199244499206543e-01
5.802228450775146484e-01
5.802234411239624023e-01
5.802229642868041992e-01
5.802182555198669434e-01
5.802164673805236816e-01
5.802236199378967285e-01
5.802272558212280273e-01
5.802270770072937012e-01
5.802211761474609375e-01
5.802236199378967285e-01
5.802215933799743652e-01
5.802200436592102051e-01
5.802162289619445801e-01
5.802224278450012207e-01
5.802218317985534668e-01
5.802258849143981934e-01
5.802201032638549805e-01
5.802212953567504883e-01
5.802201628684997559e-01
5.802217125892639160e-01
5.802239775657653809e-01
5.802167057991027832e-01
5.802217125892639160e-01
5.802238583564758301e-01
5.802234411239624023e-01
5.802186131477355957e-01
5.802247524261474609e-01
5.802210569381713867e-01
5.802131891250610352e-01
5.802242159843444824e-01
5.802161097526550293e-01
5.802199244499206543e-01
5.802233219146728516e-01
5.802257061004638672e-01
5.802256464958190918e-01
5.802175998687744141e-01
5.802213549613952637e-01
5.802199840545654297e-01
5.802143216133117676e-01
5.802196264266967773e-01
5.802181363105773926e-01
5.802195072174072266e-01
5.802221298217773438e-01
5.802223086357116699e-01
5.802202224731445312e-01
5.802209377288818359e-01
5.802219510078430176e-01
5.802184343338012695e-01
5.802265405654907227e-01
5.802243351936340332e-01
5.802206397056579590e-01
5.802239179611206055e-01
5.802184939384460449e-01
5.802201032638549805e-01
5.802229642868041992e-01
5.802190303802490234e-01
5.802217125892639160e-01
5.802217125892639160e-01
5.802184939384460449e-01
5.802224278450012207e-01
5.802281498908996582e-01
5.802154541015625000e-01
5.802230834960937500e-01
5.802158117294311523e-01
5.802214741706848145e-01
5.802198648452758789e-01
5.802235007286071777e-01
5.802158713340759277e-01
5.802239775657653809e-01
5.802167057991027832e-01
5.802167057991027832e-01
5.802182555198669434e-01
5.802212953567504883e-01
5.802198052406311035e-01
5.802193880081176758e-01
5.802177190780639648e-01
5.802177786827087402e-01
5.802164673805236816e-01
5.802236199378967285e-01
5.802212953567504883e-01
5.802228450775146484e-01
5.802174806594848633e-01
5.802237391471862793e-01
5.802224874496459961e-01
5.802161097526550293e-01
5.802239775657653809e-01
5.802243947982788086e-01
5.802224278450012207e-01
5.802233219146728516e-01
5.802213549613952637e-01
5.802169442176818848e-01
5.802199244499206543e-01
5.802223086357116699e-01
5.802202820777893066e-01
5.802234411239624023e-01
5.802282691001892090e-01
5.802260041236877441e-01
5.802220702171325684e-01
5.802225470542907715e-01
5.802149176597595215e-01
5.802242159843444824e-01
5.802193284034729004e-01
5.802236199378967285e-01
5.802195668220520020e-01
5.802237391471862793e-01
5.802209973335266113e-01
5.802219510078430176e-01
5.802215337753295898e-01
5.802158117294311523e-01
5.802179574966430664e-01
5.802201628684997559e-01
5.802235007286071777e-01
5.802242755889892578e-01
5.802239179611206055e-01
5.802204608917236328e-01
5.802221894264221191e-01
5.802161097526550293e-01
5.802233219146728516e-01
5.802209377288818359e-01
5.802232623100280762e-01
5.802208185195922852e-01
5.802223086357116699e-01
5.802210569381713867e-01
5.802187323570251465e-01
5.802236795425415039e-01
5.802178978919982910e-01
5.802223086357116699e-01
5.802202820777893066e-01
5.802227258682250977e-01
5.802224278450012207e-01
5.802227258682250977e-01
5.802220702171325684e-01
5.802198052406311035e-01
5.802230834960937500e-01
5.802230834960937500e-01
5.802261829376220703e-01
5.802209377288818359e-01
5.802227258682250977e-01
5.802233219146728516e-01
5.802238583564758301e-01
5.802179574966430664e-01
5.802186131477355957e-01
5.802220106124877930e-01
5.802199244499206543e-01
5.802282094955444336e-01
5.802215337753295898e-01
5.802193880081176758e-01
5.802246332168579102e-01
5.802220702171325684e-01
5.802204012870788574e-01
5.802230834960937500e-01
5.802228450775146484e-01
5.802227258682250977e-01
5.802187323570251465e-01
5.802230834960937500e-01
5.802177190780639648e-01
5.802224278450012207e-01
5.802191495895385742e-01
5.802202224731445312e-01
5.802225470542907715e-01
5.802199244499206543e-01
5.802179574966430664e-01
5.802230834960937500e-01
5.802280306816101074e-01
5.802192091941833496e-01
5.802180171012878418e-01
5.802218317985534668e-01
5.802171230316162109e-01
5.802201628684997559e-01
5.802232027053833008e-01
5.802184939384460449e-01
5.802208185195922852e-01
5.802191495895385742e-01
5.802206397056579590e-01
5.802217125892639160e-01
5.802232623100280762e-01
5.802230834960937500e-01
5.802198052406311035e-01
5.802214145660400391e-01
5.802198052406311035e-01
5.802177190780639648e-01
5.802199244499206543e-01
5.802224278450012207e-01
5.802199244499206543e-01
5.802234411239624023e-01
5.802158117294311523e-01
5.802237391471862793e-01
5.802208781242370605e-01
5.802193880081176758e-01
5.802171230316162109e-01
5.802235007286071777e-01
5.802219510078430176e-01
5.802237987518310547e-01
5.802259445190429688e-01
5.802225470542907715e-01
5.802249908447265625e-01
5.802219510078430176e-01
5.802204012870788574e-01
5.802242159843444824e-01
5.802186727523803711e-01
5.802238583564758301e-01
5.802202820777893066e-01
5.802201628684997559e-01
5.802209377288818359e-01
5.802219510078430176e-01
5.802201628684997559e-01
5.802224278450012207e-01
5.802243351936340332e-01
5.802233815193176270e-01
5.802170038223266602e-01
5.802165865898132324e-01
5.802200436592102051e-01
5.802215337753295898e-01
5.802273154258728027e-01
5.802191495895385742e-01
5.802234411239624023e-01
5.802299380302429199e-01
5.802169442176818848e-01
5.802217125892639160e-01
5.802211761474609375e-01
5.802241563796997070e-01
5.802202224731445312e-01
5.802257061004638672e-01
5.802181959152221680e-01
5.802248716354370117e-01
5.802155733108520508e-01
5.802230834960937500e-01
5.802165865898132324e-01
5.802230238914489746e-01
5.802214145660400391e-01
5.802246928215026855e-01
5.802208185195922852e-01
5.802162289619445801e-01
5.802250504493713379e-01
5.802247524261474609e-01
5.802240967750549316e-01
5.802225470542907715e-01
5.802219510078430176e-01
5.802162289619445801e-01
5.802167654037475586e-01
5.802239775657653809e-01
5.802252292633056641e-01
5.802200436592102051e-01
5.802204012870788574e-01
5.802151560783386230e-01
5.802191495895385742e-01
5.802232027053833008e-01
5.802209377288818359e-01
5.802227258682250977e-01
5.802208185195922852e-01
5.802162885665893555e-01
5.802226662635803223e-01
5.802193880081176758e-01
5.802243947982788086e-01
5.802201628684997559e-01
5.802232027053833008e-01
5.802171230316162109e-01
5.802226662635803223e-01
5.802204608917236328e-01
5.802224278450012207e-01
5.802172422409057617e-01
5.802246332168579102e-01
5.802199244499206543e-01
5.802251696586608887e-01
5.802236199378967285e-01
5.802171230316162109e-01
5.802201628684997559e-01
5.802199840545654297e-01
5.802158117294311523e-01
5.802239775657653809e-01
5.802198052406311035e-01
5.802233219146728516e-01
5.802184939384460449e-01
5.802180767059326172e-01
5.802229642868041992e-01
5.802187323570251465e-01
5.802220702171325684e-01
5.802205204963684082e-01
5.802227258682250977e-01
5.802201628684997559e-01
5.802215337753295898e-01
5.802162885665893555e-01
5.802191495895385742e-01
5.802277922630310059e-01
5.802196264266967773e-01
5.802227258682250977e-01
5.802245736122131348e-01
5.802230834960937500e-01
5.802166461944580078e-01
5.802180767059326172e-01
5.802224278450012207e-01
5.802230834960937500e-01
5.802234411239624023e-01
5.802190303802490234e-01
5.802209377288818359e-01
5.802215933799743652e-01
5.802192687988281250e-01
5.802234411239624023e-01
5.802233219146728516e-01
5.802236199378967285e-01
5.802177190780639648e-01
5.802158117294311523e-01
5.802163481712341309e-01
5.802249312400817871e-01
5.802214741706848145e-01
5.802253484725952148e-01
5.802236199378967285e-01
5.802172422409057617e-01
5.802192687988281250e-01
5.802172422409057617e-01
5.802255868911743164e-01
5.802186131477355957e-01
5.802177190780639648e-01
5.802185535430908203e-01
5.802205801010131836e-01
5.802202820777893066e-01
5.802185535430908203e-01
5.802195072174072266e-01
5.802183747291564941e-01
5.802164077758789062e-01
5.802196264266967773e-01
5.802243351936340332e-01
5.802199244499206543e-01
5.802162289619445801e-01
5.802202224731445312e-01
5.802145600318908691e-01
5.802289843559265137e-01
5.802237391471862793e-01
5.802173614501953125e-01
5.802251100540161133e-01
5.802181959152221680e-01
5.802248120307922363e-01
5.802218317985534668e-01
5.802164673805236816e-01
5.802163481712341309e-01
5.802164673805236816e-01
5.802193880081176758e-01
5.802265405654907227e-01
5.802231431007385254e-01
5.802193284034729004e-01
5.802165865898132324e-01
5.802284479141235352e-01
5.802172422409057617e-01
5.802194476127624512e-01
5.802220702171325684e-01
5.802195072174072266e-01
5.802247524261474609e-01
5.802168250083923340e-01
5.802204012870788574e-01
5.802198648452758789e-01
5.802231431007385254e-01
5.802211165428161621e-01
5.802205801010131836e-01
5.802246928215026855e-01
5.802194476127624512e-01
5.802176594734191895e-01
5.802227854728698730e-01
5.802251100540161133e-01
5.802214741706848145e-01
5.802223086357116699e-01
5.802215337753295898e-01
5.802149176597595215e-01
5.802201628684997559e-01
5.802204608917236328e-01
5.802246332168579102e-01
5.802218914031982422e-01
5.802223682403564453e-01
5.802217721939086914e-01
5.802180171012878418e-01
5.802147984504699707e-01
5.802191495895385742e-01
5.802215337753295898e-01
5.802186131477355957e-01
5.802224278450012207e-01
5.802163481712341309e-01
5.802190899848937988e-01
5.802191495895385742e-01
5.802142024040222168e-01
5.802217721939086914e-01
5.802224278450012207e-01
5.802221298217773438e-01
5.802182555198669434e-01
5.802186131477355957e-01
5.802204608917236328e-01
5.802163481712341309e-01
5.802167654037475586e-01
5.802245736122131348e-01
5.802199244499206543e-01
5.802174806594848633e-01
5.802186131477355957e-01
5.802230834960937500e-01
5.802205204963684082e-01
5.802265405654907227e-01
5.802173614501953125e-01
5.802165269851684570e-01
5.802196860313415527e-01
5.802232027053833008e-01
5.802189111709594727e-01
5.802192091941833496e-01
5.802210569381713867e-01
5.802215933799743652e-01
5.802242159843444824e-01
5.802220702171325684e-01
5.802190303802490234e-01
5.802225470542907715e-01
5.802229642868041992e-01
5.802167057991027832e-01
5.802225470542907715e-01
5.802228450775146484e-01
5.802213549613952637e-01
5.802220702171325684e-01
5.802153944969177246e-01
5.802198052406311035e-01
5.802248716354370117e-01
5.802215933799743652e-01
5.802289247512817383e-01
5.802244544029235840e-01
5.802150964736938477e-01
5.802196264266967773e-01
5.802198648452758789e-01
5.802276730537414551e-01
5.802279114723205566e-01
5.802236199378967285e-01
5.802217125892639160e-01
5.802266597747802734e-01
5.802209973335266113e-01
5.802205204963684082e-01
5.802212953567504883e-01
5.802230834960937500e-01
5.802192091941833496e-01
5.802211165428161621e-01
5.802224874496459961e-01
5.802236199378967285e-01
5.802221894264221191e-01
5.802196264266967773e-01
5.802239775657653809e-01
5.802181959152221680e-01
5.802173614501953125e-01
5.802208781242370605e-01
5.802201032638549805e-01
5.802247524261474609e-01
5.802233815193176270e-01
5.802239775657653809e-01
5.802232623100280762e-01
5.802202820777893066e-01
5.802225470542907715e-01
5.802215337753295898e-01
5.802237391471862793e-01
5.802212953567504883e-01
5.802245736122131348e-01
5.802196860313415527e-01
5.802229642868041992e-01
5.802164077758789062e-01
5.802232623100280762e-01
5.802225470542907715e-01
5.802230834960937500e-01
5.802195072174072266e-01
5.802244544029235840e-01
5.802200436592102051e-01
5.802195072174072266e-01
5.802243351936340332e-01
5.802209377288818359e-01
5.802211761474609375e-01
5.802183151245117188e-01
5.802212357521057129e-01
5.802212953567504883e-01
5.802175998687744141e-01
5.802218317985534668e-01
5.802268385887145996e-01
5.802202820777893066e-01
5.802183747291564941e-01
5.802236795425415039e-01
5.802236199378967285e-01
5.802220702171325684e-01
5.802224278450012207e-01
5.802205204963684082e-01
5.802212953567504883e-01
5.802204012870788574e-01
5.802236199378967285e-01
5.802183747291564941e-01
5.802195072174072266e-01
5.802214145660400391e-01
5.802223086357116699e-01
5.802217125892639160e-01
5.802212357521057129e-01
5.802178978919982910e-01
5.802229642868041992e-01
5.802170038223266602e-01
5.802225470542907715e-01
5.802209377288818359e-01
5.802201032638549805e-01
5.802223086357116699e-01
5.802210569381713867e-01
5.802238583564758301e-01
5.802199840545654297e-01
5.802233219146728516e-01
5.802193880081176758e-01
5.802205204963684082e-01
5.802184939384460449e-01
5.802195668220520020e-01
5.802223086357116699e-01
5.802215337753295898e-01
5.802254080772399902e-01
5.802218317985534668e-01
5.802200436592102051e-01
5.802175998687744141e-01
5.802229642868041992e-01
5.802252292633056641e-01
5.802193880081176758e-01
5.802190303802490234e-01
5.802199244499206543e-01
5.802215933799743652e-01
5.802230834960937500e-01
5.802192687988281250e-01
5.802252888679504395e-01
5.802211761474609375e-01
5.802199244499206543e-01
5.802232027053833008e-01
5.802180171012878418e-01
5.802200436592102051e-01
5.802164673805236816e-01
5.802164673805236816e-01
5.802220702171325684e-01
5.802227258682250977e-01
5.802173018455505371e-01
5.802190303802490234e-01
5.802199244499206543e-01
5.802167057991027832e-01
5.802233219146728516e-01
5.802225470542907715e-01
5.802178978919982910e-01
5.802243947982788086e-01
5.802200436592102051e-01
5.802232027053833008e-01
5.802226662635803223e-01
5.802178978919982910e-01
5.802201032638549805e-01
5.802165865898132324e-01
5.802211165428161621e-01
5.802232027053833008e-01
5.802205204963684082e-01
5.802165865898132324e-01
5.802167057991027832e-01
5.802255868911743164e-01
5.802212953567504883e-01
5.802183747291564941e-01
5.802242755889892578e-01
5.802212953567504883e-01
5.802224278450012207e-01
5.802227258682250977e-01
5.802279710769653320e-01
5.802186131477355957e-01
5.802210569381713867e-01
5.802265405654907227e-01
5.802170038223266602e-01
5.802225470542907715e-01
5.802193880081176758e-01
5.802196860313415527e-01
5.802220106124877930e-01
5.802205204963684082e-01
5.802227258682250977e-01
5.802205204963684082e-01
5.802208781242370605e-01
5.802215337753295898e-01
5.802175402641296387e-01
5.802234411239624023e-01
5.802248716354370117e-01
5.802158117294311523e-01
5.802198052406311035e-01
5.802234411239624023e-01
5.802195072174072266e-01
5.802214145660400391e-01
5.802223086357116699e-01
5.802227854728698730e-01
5.802234411239624023e-01
5.802212953567504883e-01
5.802160501480102539e-01
5.802240967750549316e-01
5.802251100540161133e-01
5.802199244499206543e-01
5.802246332168579102e-01
5.802162289619445801e-01
5.802156925201416016e-01
5.802215933799743652e-01
5.802187323570251465e-01
5.802212357521057129e-01
5.802189111709594727e-01
5.802229642868041992e-01
5.802161693572998047e-01
5.802218317985534668e-01
5.802221298217773438e-01
5.802222490310668945e-01
5.802251100540161133e-01
5.802206397056579590e-01
5.802206397056579590e-01
5.802240967750549316e-01
5.802224278450012207e-01
5.802213549613952637e-01
5.802177190780639648e-01
5.802162885665893555e-01
5.802208185195922852e-01
5.802161097526550293e-01
5.802211761474609375e-01
5.802167057991027832e-01
5.802240371704101562e-01
5.802173614501953125e-01
5.802200436592102051e-01
5.802248716354370117e-01
5.802195072174072266e-01
5.802248716354370117e-01
5.802204012870788574e-01
5.802232623100280762e-01
5.802229642868041992e-01
5.802249908447265625e-01
5.802196264266967773e-01
5.802178978919982910e-01
5.802203416824340820e-01
5.802258849143981934e-01
5.802215337753295898e-01
5.802246332168579102e-01
5.802193880081176758e-01
5.802226662635803223e-01
5.802164673805236816e-01
5.802181363105773926e-01
5.802224874496459961e-01
5.802229642868041992e-01
5.802224278450012207e-01
5.802211761474609375e-01
5.802236795425415039e-01
5.802154541015625000e-01
5.802238583564758301e-01
5.802244544029235840e-01
5.802233219146728516e-01
5.802198052406311035e-01
5.802152156829833984e-01
5.802219510078430176e-01
5.802245736122131348e-01
5.802211761474609375e-01
5.802159905433654785e-01
5.802187323570251465e-01
5.802241563796997070e-01
5.802262425422668457e-01
5.802200436592102051e-01
5.802182555198669434e-01
5.802232027053833008e-01
5.802202820777893066e-01
5.802172422409057617e-01
5.802248716354370117e-01
5.802201032638549805e-01
5.802212953567504883e-01
5.802202224731445312e-01
5.802198648452758789e-01
5.802211761474609375e-01
5.802202820777893066e-01
5.802208185195922852e-01
5.802209377288818359e-01
5.802214741706848145e-01
5.802214741706848145e-01
5.802219510078430176e-01
5.802190303802490234e-01
5.802223086357116699e-01
5.802210569381713867e-01
5.802210569381713867e-01
5.802147984504699707e-01
5.802212953567504883e-01
5.802249908447265625e-01
5.802218317985534668e-01
5.802192687988281250e-01
5.802217125892639160e-01
5.802238583564758301e-01
5.802208185195922852e-01
5.802232623100280762e-01
5.802193880081176758e-01
5.802260041236877441e-01
5.802209377288818359e-01
5.802189707756042480e-01
5.802198648452758789e-01
5.802209377288818359e-01
5.802242159843444824e-01
5.802192687988281250e-01
5.802189111709594727e-01
5.802195072174072266e-01
5.802195072174072266e-01
5.802221894264221191e-01
5.802218317985534668e-01
5.802234411239624023e-01
5.802238583564758301e-01
5.802232027053833008e-01
5.802196264266967773e-01
5.802175402641296387e-01
5.802218317985534668e-01
5.802209377288818359e-01
5.802233219146728516e-01
5.802270174026489258e-01
5.802222490310668945e-01
5.802212357521057129e-01
5.802208185195922852e-01
5.802258849143981934e-01
5.802229046821594238e-01
5.802242159843444824e-01
5.802164077758789062e-01
5.802236199378967285e-01
5.802204012870788574e-01
5.802230834960937500e-01
5.802220702171325684e-01
5.802179574966430664e-01
5.802225470542907715e-01
5.802224278450012207e-01
5.802225470542907715e-01
5.802240371704101562e-01
5.802212953567504883e-01
5.802219510078430176e-01
5.802242159843444824e-01
5.802210569381713867e-01
5.802239775657653809e-01
5.802205801010131836e-01
5.802215337753295898e-01
5.802168250083923340e-01
5.802156329154968262e-01
5.802178978919982910e-01
5.802195072174072266e-01
5.802242159843444824e-01
5.802184939384460449e-01
5.802215933799743652e-01
5.802230834960937500e-01
5.802215933799743652e-01
5.802193880081176758e-01
5.802251100540161133e-01
5.802168250083923340e-01
5.802215933799743652e-01
5.802227258682250977e-01
5.802233219146728516e-01
5.802214145660400391e-01
5.802230834960937500e-01
5.802196264266967773e-01
5.802204608917236328e-01
5.802246332168579102e-01
5.802242159843444824e-01
5.802236795425415039e-01
5.802239775657653809e-01
5.802195072174072266e-01
5.802276134490966797e-01
5.802220106124877930e-01
5.802251696586608887e-01
5.802208185195922852e-01
5.802217721939086914e-01
5.802190303802490234e-01
5.802210569381713867e-01
5.802248716354370117e-01
5.802171230316162109e-01
5.802218914031982422e-01
5.802189111709594727e-01
5.802183747291564941e-01
5.802219510078430176e-01
5.802204012870788574e-01
5.802236199378967285e-01
5.802206397056579590e-01
5.802233219146728516e-01
5.802182555198669434e-01
5.802201628684997559e-01
5.802195668220520020e-01
5.802191495895385742e-01
5.802225470542907715e-01
5.802229642868041992e-01
5.802223682403564453e-01
5.802211761474609375e-01
5.802214741706848145e-01
5.802260637283325195e-01
5.802191495895385742e-01
5.802171230316162109e-01
5.802205204963684082e-01
5.802240967750549316e-01
5.802182555198669434e-01
5.802223086357116699e-01
5.802230238914489746e-01
5.802181363105773926e-01
5.802229046821594238e-01
5.802218317985534668e-01
5.802271366119384766e-01
5.802215337753295898e-01
5.802201628684997559e-01
5.802154541015625000e-01
5.802244544029235840e-01
5.802238583564758301e-01
5.802215933799743652e-01
5.802267193794250488e-01
5.802215337753295898e-01
5.802215337753295898e-01
5.802265405654907227e-01
5.802211165428161621e-01
5.802229046821594238e-01
5.802220702171325684e-01
5.802193880081176758e-01
5.802183151245117188e-01
5.802196860313415527e-01
5.802227258682250977e-01
5.802199244499206543e-01
5.802200436592102051e-01
5.802243947982788086e-01
5.802195072174072266e-01
5.802242159843444824e-01
5.802221894264221191e-01
5.802192687988281250e-01
5.802206397056579590e-01
5.802217125892639160e-01
5.802233219146728516e-01
5.802250504493713379e-01
5.802214145660400391e-01
5.802116394042968750e-01
5.802152752876281738e-01
5.802190899848937988e-01
5.802246332168579102e-01
5.802224278450012207e-01
5.802275538444519043e-01
5.802221894264221191e-01
5.802228450775146484e-01
5.802211165428161621e-01
5.802211165428161621e-01
5.802266597747802734e-01
5.802211761474609375e-01
5.802174806594848633e-01
5.802227854728698730e-01
5.802230834960937500e-01
5.802187323570251465e-01
5.802201628684997559e-01
5.802183747291564941e-01
5.802215337753295898e-01
5.802209973335266113e-01
5.802242159843444824e-01
5.802169442176818848e-01
5.802225470542907715e-01
5.802229046821594238e-01
5.802230834960937500e-01
5.802170634269714355e-01
5.802243351936340332e-01
5.802222490310668945e-01
5.802227258682250977e-01
5.802156925201416016e-01
5.802193284034729004e-01
5.802232027053833008e-01
5.802280306816101074e-01
5.802257657051086426e-01
5.802229642868041992e-01
5.802191495895385742e-01
5.802232623100280762e-01
5.802272558212280273e-01
5.802211761474609375e-01
5.802214145660400391e-01
5.802213549613952637e-01
5.802153348922729492e-01
5.802232027053833008e-01
5.802262425422668457e-01
5.802226662635803223e-01
5.802179574966430664e-01
5.802195072174072266e-01
5.802215933799743652e-01
5.802202820777893066e-01
5.802288055419921875e-01
5.802221298217773438e-01
5.802277922630310059e-01
5.802215337753295898e-01
5.802219510078430176e-01
5.802227258682250977e-01
5.802255272865295410e-01
5.802207589149475098e-01
5.802171826362609863e-01
5.802262425422668457e-01
5.802276730537414551e-01
5.802230238914489746e-01
5.802225470542907715e-01
5.802174806594848633e-01
5.802234411239624023e-01
5.802238583564758301e-01
5.802214145660400391e-01
5.802229642868041992e-01
5.802156329154968262e-01
5.802183151245117188e-01
5.802230834960937500e-01
5.802217721939086914e-01
5.802208185195922852e-01
5.802202224731445312e-01
5.802233219146728516e-01
5.802192091941833496e-01
5.802184939384460449e-01
5.802187323570251465e-01
5.802199244499206543e-01
5.802192687988281250e-01
5.802215337753295898e-01
5.802195072174072266e-01
5.802220106124877930e-01
5.802174210548400879e-01
5.802221894264221191e-01
5.802215933799743652e-01
5.802198052406311035e-01
5.802225470542907715e-01
5.802210569381713867e-01
5.802215933799743652e-01
5.802195072174072266e-01
5.802195668220520020e-01
5.802232623100280762e-01
5.802263617515563965e-01
5.802263617515563965e-01
5.802189111709594727e-01
5.802217125892639160e-01
5.802217721939086914e-01
5.802175998687744141e-01
5.802205801010131836e-01
5.802206397056579590e-01
5.802150964736938477e-01
5.802204012870788574e-01
5.802257657051086426e-01
5.802206397056579590e-01
5.802208185195922852e-01
5.802242755889892578e-01
5.802206397056579590e-01
5.802199244499206543e-01
5.802255868911743164e-01
5.802220702171325684e-01
5.802227854728698730e-01
5.802211165428161621e-01
5.802166461944580078e-01
5.802187323570251465e-01
5.802210569381713867e-01
5.802239775657653809e-01
5.802174210548400879e-01
5.802193880081176758e-01
5.802168250083923340e-01
5.802208185195922852e-01
5.802172422409057617e-01
5.802252292633056641e-01
5.802237391471862793e-01
5.802239179611206055e-01
5.802198052406311035e-01
5.802211165428161621e-01
5.802178978919982910e-01
5.802214145660400391e-01
5.802188515663146973e-01
5.802219510078430176e-01
5.802164673805236816e-01
5.802209973335266113e-01
5.802215337753295898e-01
5.802232027053833008e-01
5.802234411239624023e-01
5.802187323570251465e-01
5.802164673805236816e-01
5.802203416824340820e-01
5.802229642868041992e-01
5.802165865898132324e-01
5.802152752876281738e-01
5.802179574966430664e-01
5.802230238914489746e-01
5.802222490310668945e-01
5.802230834960937500e-01
5.802188515663146973e-01
5.802282691001892090e-01
5.802228450775146484e-01
5.802229046821594238e-01
5.802198052406311035e-01
5.802229642868041992e-01
5.802158713340759277e-01
5.802234411239624023e-01
5.802217125892639160e-01
5.802227258682250977e-01
5.802220702171325684e-01
5.802181363105773926e-01
5.802202820777893066e-01
5.802155733108520508e-01
5.802196264266967773e-01
5.802205204963684082e-01
5.802209377288818359e-01
5.802193880081176758e-01
5.802186131477355957e-01
5.802217125892639160e-01
5.802217125892639160e-01
5.802230834960937500e-01
5.802156925201416016e-01
5.802204012870788574e-01
5.802236795425415039e-01
5.802220702171325684e-01
5.802217125892639160e-01
5.802212953567504883e-01
5.802193880081176758e-01
5.802160501480102539e-01
5.802189111709594727e-01
5.802279114723205566e-01
5.802294611930847168e-01
5.802220702171325684e-01
5.802227258682250977e-01
5.802189707756042480e-01
5.802236199378967285e-01
5.802240371704101562e-01
5.802224278450012207e-01
5.802192687988281250e-01
5.802217721939086914e-01
5.802202820777893066e-01
5.802237391471862793e-01
5.802223682403564453e-01
5.802237391471862793e-01
5.802218914031982422e-01
5.802219510078430176e-01
5.802238583564758301e-01
5.802204012870788574e-01
5.802224278450012207e-01
5.802212953567504883e-01
5.802225470542907715e-01
5.802220702171325684e-01
5.802224874496459961e-01
5.802230238914489746e-01
5.802226662635803223e-01
5.802207589149475098e-01
5.802204012870788574e-01
5.802196264266967773e-01
5.802263617515563965e-01
5.802183747291564941e-01
5.802181363105773926e-01
5.802230238914489746e-01
5.802239775657653809e-01
5.802214741706848145e-01
5.802218914031982422e-01
5.802172422409057617e-01
5.802251696586608887e-01
5.802225470542907715e-01
5.802202224731445312e-01
5.802153348922729492e-01
5.802211761474609375e-01
5.802229642868041992e-01
5.802195072174072266e-01
5.802177190780639648e-01
5.802242159843444824e-01
5.802158117294311523e-01
5.802243947982788086e-01
5.802214145660400391e-01
5.802187323570251465e-01
5.802195072174072266e-01
5.802192091941833496e-01
5.802196264266967773e-01
5.802215933799743652e-01
5.802195668220520020e-01
5.802157521247863770e-01
5.802284479141235352e-01
5.802237987518310547e-01
5.802201628684997559e-01
5.802164077758789062e-01
5.802158117294311523e-01
5.802243351936340332e-01
5.802217125892639160e-01
5.802228450775146484e-01
5.802193880081176758e-01
5.802208781242370605e-01
5.802221298217773438e-01
5.802210569381713867e-01
5.802261829376220703e-01
5.802151560783386230e-01
5.802146196365356445e-01
5.802218914031982422e-01
5.802230834960937500e-01
5.802218317985534668e-01
5.802156329154968262e-01
5.802205801010131836e-01
5.802215337753295898e-01
5.802221894264221191e-01
5.802211761474609375e-01
5.802188515663146973e-01
5.802174210548400879e-01
5.802183747291564941e-01
5.802252888679504395e-01
5.802205801010131836e-01
5.802209377288818359e-01
5.802193880081176758e-01
5.802202820777893066e-01
5.802223086357116699e-01
5.802244544029235840e-01
5.802175998687744141e-01
5.802165865898132324e-01
5.802186131477355957e-01
5.802228450775146484e-01
5.802222490310668945e-01
5.802152156829833984e-01
5.802223086357116699e-01
5.802246332168579102e-01
5.802220106124877930e-01
5.802188515663146973e-01
5.802176594734191895e-01
5.802158117294311523e-01
5.802220702171325684e-01
5.802223086357116699e-01
5.802221894264221191e-01
5.802236199378967285e-01
5.802201628684997559e-01
5.802227258682250977e-01
5.802192687988281250e-01
5.802230834960937500e-01
5.802227258682250977e-01
5.802208781242370605e-01
5.802200436592102051e-01
5.802204608917236328e-01
5.802239179611206055e-01
5.802168250083923340e-01
5.802222490310668945e-01
5.802219510078430176e-01
5.802150964736938477e-01
5.802257657051086426e-01
5.802238583564758301e-01
5.802191495895385742e-01
5.802209377288818359e-01
5.802204012870788574e-01
5.802189111709594727e-01
5.802223682403564453e-01
5.802164673805236816e-01
5.802209377288818359e-01
5.802193880081176758e-01
5.802224278450012207e-01
5.802219510078430176e-01
5.802207589149475098e-01
5.802212357521057129e-01
5.802150964736938477e-01
5.802282691001892090e-01
5.802199840545654297e-01
5.802196264266967773e-01
5.802170038223266602e-01
5.802219510078430176e-01
5.802172422409057617e-01
5.802251696586608887e-01
5.802248716354370117e-01
5.802204608917236328e-01
5.802194476127624512e-01
5.802184343338012695e-01
5.802227258682250977e-01
5.802202820777893066e-01
5.802204012870788574e-01
5.802196860313415527e-01
5.802223086357116699e-01
5.802220106124877930e-01
5.802228450775146484e-01
5.802141427993774414e-01
5.802241563796997070e-01
5.802252888679504395e-01
5.802169442176818848e-01
5.802240967750549316e-01
5.802275538444519043e-01
5.802212953567504883e-01
5.802227258682250977e-01
5.802196264266967773e-01
5.802239775657653809e-01
5.802221894264221191e-01
5.802227258682250977e-01
5.802212953567504883e-01
5.802240967750549316e-01
5.802220702171325684e-01
5.802186131477355957e-01
5.802261233329772949e-01
5.802182555198669434e-01
5.802167654037475586e-01
5.802227854728698730e-01
5.802240967750549316e-01
5.802170038223266602e-01
5.802212953567504883e-01
5.802177190780639648e-01
5.802233219146728516e-01
5.802256464958190918e-01
5.802249908447265625e-01
5.802199840545654297e-01
5.802168250083923340e-01
5.802232623100280762e-01
5.802233219146728516e-01
5.802159905433654785e-01
5.802188515663146973e-01
5.802201032638549805e-01
5.802218317985534668e-01
5.802227854728698730e-01
5.802208781242370605e-01
5.802196264266967773e-01
5.802232027053833008e-01
5.802211761474609375e-01
5.802190303802490234e-01
5.802196860313415527e-01
5.802189111709594727e-01
5.802199244499206543e-01
5.802263617515563965e-01
5.802284479141235352e-01
5.802215337753295898e-01
5.802204608917236328e-01
5.802273154258728027e-01
5.802229642868041992e-01
5.802235007286071777e-01
5.802201628684997559e-01
5.802174806594848633e-01
5.802218317985534668e-01
5.802232027053833008e-01
5.802202820777893066e-01
5.802228450775146484e-01
5.802233219146728516e-01
5.802209377288818359e-01
5.802201628684997559e-01
5.802194476127624512e-01
5.802226662635803223e-01
5.802201032638549805e-01
5.802224874496459961e-01
5.802249312400817871e-01
5.802266001701354980e-01
5.802209973335266113e-01
5.802227258682250977e-01
5.802209973335266113e-01
5.802236199378967285e-01
5.802215337753295898e-01
5.802227258682250977e-01
5.802215337753295898e-01
5.802199840545654297e-01
5.802260041236877441e-01
5.802220106124877930e-01
5.802232623100280762e-01
5.802165865898132324e-01
5.802246332168579102e-01
5.802210569381713867e-01
5.802195072174072266e-01
5.802223086357116699e-01
5.802248716354370117e-01
5.802212953567504883e-01
5.802242159843444824e-01
5.802183151245117188e-01
5.802276730537414551e-01
5.802184343338012695e-01
5.802221298217773438e-01
5.802212953567504883e-01
5.802218914031982422e-01
5.802213549613952637e-01
5.802163481712341309e-01
5.802242159843444824e-01
5.802198052406311035e-01
5.802221894264221191e-01
5.802153944969177246e-01
5.802185535430908203e-01
5.802210569381713867e-01
5.802203416824340820e-01
5.802213549613952637e-01
5.802195072174072266e-01
5.802223086357116699e-01
5.802224278450012207e-01
5.802198052406311035e-01
5.802220106124877930e-01
5.802202820777893066e-01
5.802145600318908691e-01
5.802204012870788574e-01
5.802246332168579102e-01
5.802209377288818359e-01
5.802219510078430176e-01
5.802187323570251465e-01
5.802263617515563965e-01
5.802257657051086426e-01
5.802181959152221680e-01
5.802234411239624023e-01
5.802186727523803711e-01
5.802240967750549316e-01
5.802208185195922852e-01
5.802212357521057129e-01
5.802218317985534668e-01
5.802217125892639160e-01
5.802227258682250977e-01
5.802206397056579590e-01
5.802165865898132324e-01
5.802239775657653809e-01
5.802230834960937500e-01
5.802265405654907227e-01
5.802185535430908203e-01
5.802186131477355957e-01
5.802202820777893066e-01
5.802158713340759277e-01
5.802243947982788086e-01
5.802135467529296875e-01
5.802228450775146484e-01
5.802201032638549805e-01
5.802177190780639648e-01
5.802212953567504883e-01
5.802217125892639160e-01
5.802184939384460449e-01
5.802208781242370605e-01
5.802178978919982910e-01
5.802232623100280762e-01
5.802181363105773926e-01
5.802277922630310059e-01
5.802205801010131836e-01
5.802221894264221191e-01
5.802199244499206543e-01
5.802237391471862793e-01
5.802204608917236328e-01
5.802205801010131836e-01
5.802215933799743652e-01
5.802239775657653809e-01
5.802204012870788574e-01
5.802277326583862305e-01
5.802212357521057129e-01
5.802198648452758789e-01
5.802282094955444336e-01
5.802173614501953125e-01
5.802265405654907227e-01
5.802192687988281250e-01
5.802169442176818848e-01
5.802233219146728516e-01
5.802219510078430176e-01
5.802282094955444336e-01
5.802208781242370605e-01
5.802222490310668945e-01
5.802196264266967773e-01
5.802227854728698730e-01
5.802233219146728516e-01
5.802227854728698730e-01
5.802199840545654297e-01
5.802240371704101562e-01
5.802247524261474609e-01
5.802238583564758301e-01
5.802204012870788574e-01
5.802240371704101562e-01
5.802252292633056641e-01
5.802249908447265625e-01
5.802163481712341309e-01
5.802172422409057617e-01
5.802206397056579590e-01
5.802217721939086914e-01
5.802159905433654785e-01
5.802229642868041992e-01
5.802218317985534668e-01
5.802191495895385742e-01
5.802232027053833008e-01
5.802205801010131836e-01
5.802178978919982910e-01
5.802249312400817871e-01
5.802220702171325684e-01
5.802223682403564453e-01
5.802191495895385742e-01
5.802215933799743652e-01
5.802219510078430176e-01
5.802210569381713867e-01
5.802229046821594238e-01
5.802211761474609375e-01
5.802198648452758789e-01
5.802230834960937500e-01
5.802222490310668945e-01
5.802208185195922852e-01
5.802228450775146484e-01
5.802224278450012207e-01
5.802180171012878418e-01
5.802175998687744141e-01
5.802231431007385254e-01
5.802201628684997559e-01
5.802231431007385254e-01
5.802209973335266113e-01
5.802214741706848145e-01
5.802200436592102051e-01
5.802256464958190918e-01
5.802201628684997559e-01
5.802210569381713867e-01
5.802188515663146973e-01
5.802219510078430176e-01
5.802142620086669922e-01
5.802196264266967773e-01
5.802238583564758301e-01
5.802223086357116699e-01
5.802201628684997559e-01
5.802258849143981934e-01
5.802273154258728027e-01
5.802234411239624023e-01
5.802223682403564453e-01
5.802156925201416016e-01
5.802196264266967773e-01
5.802213549613952637e-01
5.802243351936340332e-01
5.802218317985534668e-01
5.802162885665893555e-01
5.802190899848937988e-01
5.802242159843444824e-01
5.802247524261474609e-01
5.802222490310668945e-01
5.802189707756042480e-01
5.802224874496459961e-01
5.802240967750549316e-01
5.802180171012878418e-01
5.802199840545654297e-01
5.802208781242370605e-01
5.802200436592102051e-01
5.802191495895385742e-01
5.802201628684997559e-01
5.802168250083923340e-01
5.802221894264221191e-01
5.802234411239624023e-01
5.802214145660400391e-01
5.802268385887145996e-01
5.802217125892639160e-01
5.802164673805236816e-01
5.802251696586608887e-01
5.802228450775146484e-01
5.802230834960937500e-01
5.802191495895385742e-01
5.802227258682250977e-01
5.802260041236877441e-01
5.802223682403564453e-01
5.802180171012878418e-01
5.802240967750549316e-01
5.802227258682250977e-01
5.802230834960937500e-01
5.802260041236877441e-01
5.802200436592102051e-01
5.802235007286071777e-01
5.802162289619445801e-01
5.802260041236877441e-01
5.802239775657653809e-01
5.802204608917236328e-01
5.802178978919982910e-01
5.802153944969177246e-01
5.802240967750549316e-01
5.802229642868041992e-01
5.802167654037475586e-01
5.802186131477355957e-01
5.802246332168579102e-01
5.802202224731445312e-01
5.802231431007385254e-01
5.802195072174072266e-01
5.802236199378967285e-01
5.802202820777893066e-01
5.802198052406311035e-01
5.802200436592102051e-01
5.802282691001892090e-01
5.802231431007385254e-01
5.802223682403564453e-01
5.802230834960937500e-01
5.802204012870788574e-01
5.802209973335266113e-01
5.802217125892639160e-01
5.802230238914489746e-01
5.802229642868041992e-01
5.802181363105773926e-01
5.802229642868041992e-01
5.802175402641296387e-01
5.802200436592102051e-01
5.802244544029235840e-01
5.802230834960937500e-01
5.802196264266967773e-01
5.802241563796997070e-01
5.802191495895385742e-01
5.802239775657653809e-01
5.802236199378967285e-01
5.802184939384460449e-01
5.802170038223266602e-01
5.802209377288818359e-01
5.802185535430908203e-01
5.802221894264221191e-01
5.802218914031982422e-01
5.802155733108520508e-01
5.802173614501953125e-01
5.802235007286071777e-01
5.802174806594848633e-01
5.802146792411804199e-01
5.802168250083923340e-01
5.802232623100280762e-01
5.802184939384460449e-01
5.802165269851684570e-01
5.802223086357116699e-01
5.802173614501953125e-01
5.802230238914489746e-01
5.802143812179565430e-01
5.802257657051086426e-01
5.802230238914489746e-01
5.802240371704101562e-01
5.802236795425415039e-01
5.802233219146728516e-01
5.802193284034729004e-01
5.802245736122131348e-01
5.802184343338012695e-01
5.802201628684997559e-01
5.802217125892639160e-01
5.802201628684997559e-01
5.802218317985534668e-01
5.802270174026489258e-01
5.802194476127624512e-01
5.802159905433654785e-01
5.802214741706848145e-01
5.802196264266967773e-01
5.802257657051086426e-01
5.802199244499206543e-01
5.802192687988281250e-01
5.802214741706848145e-01
5.802210569381713867e-01
5.802215337753295898e-01
5.802236199378967285e-01
5.802168250083923340e-01
5.802211165428161621e-01
5.802184939384460449e-01
5.802239775657653809e-01
5.802211165428161621e-01
5.802252292633056641e-01
5.802240371704101562e-01
5.802183747291564941e-01
5.802198052406311035e-01
5.802222490310668945e-01
5.802246332168579102e-01
5.802187323570251465e-01
5.802205801010131836e-01
5.802152156829833984e-01
5.802192091941833496e-01
5.802215337753295898e-01
5.802199244499206543e-01
5.802193880081176758e-01
5.802260041236877441e-01
5.802221894264221191e-01
5.802188515663146973e-01
5.802214741706848145e-01
5.802246332168579102e-01
5.802196264266967773e-01
5.802266597747802734e-01
5.802186727523803711e-01
5.802178978919982910e-01
5.802230834960937500e-01
5.802232027053833008e-01
5.802218317985534668e-01
5.802189707756042480e-01
5.802243351936340332e-01
5.802214741706848145e-01
5.802208781242370605e-01
5.802221298217773438e-01
5.802177190780639648e-01
5.802165865898132324e-01
5.802258849143981934e-01
5.802218914031982422e-01
5.802167654037475586e-01
5.802261829376220703e-01
5.802229642868041992e-01
5.802248716354370117e-01
5.802199244499206543e-01
5.802262425422668457e-01
5.802221894264221191e-01
5.802214145660400391e-01
5.802205204963684082e-01
5.802196264266967773e-01
5.802249908447265625e-01
5.802220106124877930e-01
5.802136659622192383e-01
